#! FIELDS time z sigma_z height logweight
#! SET action OPES_METAD_kernels
#! SET biasfactor       40.35985320068484
#! SET epsilon   1.063187928461855e-18
#! SET kernel_cutoff       9.097830488584384
#! SET compression_threshold                       1
                      1     -2.742565193030905     0.1059223841048812  2.798663715270902e-18     -40.35985320068484
                      1     -2.362022026340101     0.1059223841048812  2.798663715270902e-18     -40.35985320068484
                      1     -2.023199517853357     0.1059223841048812  2.798663715270902e-18     -40.35985320068484
                      1     -1.611668125657941     0.1059223841048812  2.798663715270902e-18     -40.35985320068484
                      1     -1.192812956752924     0.1059223841048812  2.798663715270902e-18     -40.35985320068484
                      1    -0.8419392901231303     0.1059223841048812  2.798663715270902e-18     -40.35985320068484
                      1    -0.4577879351846887     0.1059223841048812  2.798663715270902e-18     -40.35985320068484
                      1    -0.2459143461215227     0.1059223841048812  2.798663715270902e-18     -40.35985320068484
                      1    0.04580622027465161     0.1059223841048812  2.798663715270902e-18     -40.35985320068484
                      1     0.4566846239749891     0.1059223841048812  2.798663715270902e-18     -40.35985320068484
                      1      0.933045926821729     0.1059223841048812  2.798663715270902e-18     -40.35985320068484
                      1      1.363975516325677     0.1059223841048812  2.798663715270902e-18     -40.35985320068484
                      1      1.641098108623333     0.1059223841048812  2.798663715270902e-18     -40.35985320068484
                      1      2.028349001193198     0.1059223841048812  2.798663715270902e-18     -40.35985320068484
                      1      2.499156135889336     0.1059223841048812  2.798663715270902e-18     -40.35985320068484
                      1      2.815667021799098     0.1059223841048812  2.798663715270902e-18     -40.35985320068484
                      2     -2.688867040035673    0.06039594816034319      1.436399603015044    -0.1421084597407251
                      2     -2.355713632959549    0.06039594816034319      1.623471833710801   -0.01968120344089142
                      2     -1.982826333531382    0.06039594816034319      1.508558268932833   -0.09309376079607048
                      2     -1.604442893459854    0.06039594816034319      1.610673360071334   -0.02759583910634631
                      2     -1.169504894442996    0.06039594816034319      1.588679481694835   -0.04134501022910697
                      2    -0.8737448215144646    0.06039594816034319      1.561055652146636   -0.05888587423836923
                      2    -0.5388921454978215    0.06039594816034319      1.272799859411357    -0.2630290791503028
                      2    -0.2359800759100611    0.06039594816034319       1.82690327698444    0.09837416836369146
                      2   -0.02313029649306997    0.06039594816034319      1.485154944237679    -0.1087290603698803
                      2     0.4342107250651715    0.06039594816034319      1.579765609123808   -0.04697167935723562
                      2     0.9082658589331932    0.06039594816034319      1.570721586258263   -0.05271304388153265
                      2      1.375354194140537    0.06039594816034319      1.671640429351325   0.009557270583777972
                      2      1.656528607285807    0.06039594816034319      1.634270876483491   -0.01305140895520699
                      2      1.874480786938433    0.06039594816034319     0.7185272555821461    -0.8347998069136982
                      2      2.427349036399913    0.06039594816034319      1.292286243536453     -0.247835235189062
                      2      2.824345649456361    0.06039594816034319        1.6217212879419   -0.02076005814880592
                      3     -2.689062345294301    0.05325276388225236      1.906610321346207    0.01520648569198144
                      3      -2.22579936172105    0.05325276388225236       0.22567779935299     -2.118767442372529
                      3      -1.94983462596625    0.05325276388225236      1.729150958717873   -0.08248996612097328
                      3     -1.526659019037068    0.05325276388225236     0.9495321327902376    -0.6819063863546734
                      3     -1.205211326215698    0.05325276388225236      1.773875902729084   -0.05695355077870986
                      3     -0.852224758077635    0.05325276388225236      1.943687327040379    0.03446637424884801
                      3    -0.4997845867511534    0.05325276388225236      1.381382701279945    -0.3070355238594276
                      3    -0.2291409580418497    0.05325276388225236      2.401216959185652     0.2458551963131123
                      3  -0.009118637173038489    0.05325276388225236      1.920725758123382     0.0225826347851983
                      3     0.4420521990171187    0.05325276388225236      2.074855901580654    0.09977122739641857
                      3     0.8706615069147162    0.05325276388225236      1.721990020285818    -0.0866398682852557
                      3       1.41620677868899    0.05325276388225236      1.769288925338359    -0.0595427500826554
                      3      1.620288005088296    0.05325276388225236      1.814872328370468   -0.03410535610639947
                      3      1.871079588481796    0.05325276388225236     0.9726688585708528    -0.6578320639236606
                      3       2.40121453430268    0.05325276388225236       1.56975768297758    -0.1791992134576944
                      3      2.836130246833014    0.05325276388225236      2.106670718915258     0.1149883641710756
                      4     -2.799351996089232    0.04964596012429745     0.3826206075430311     -1.660964527469545
                      4     -2.242548808130222    0.04964596012429745     0.3839117327068752     -1.657595781450439
                      4     -1.942606857502824    0.04964596012429745      2.229702344943405     0.1016149330682179
                      4     -1.558125908151875    0.04964596012429745      1.495486139281434    -0.2978018351300075
                      4     -1.159417926724175    0.04964596012429745      2.214235508136823    0.09465403497714678
                      4    -0.8233590281990459    0.04964596012429745       2.08119137351439    0.03268733957686477
                      4    -0.5828340334416778    0.04964596012429745      1.128263353129472    -0.5795735709784141
                      4    -0.2234719792484345    0.04964596012429745      3.074847411260223     0.4230021117818253
                      4    0.03147921325340425    0.04964596012429745      1.811636248131664    -0.1060227244866304
                      4      0.480973108661837    0.04964596012429745      2.052031998893153    0.01857735529842261
                      4     0.9090292230749631    0.04964596012429745      2.299859453664348     0.1325948480745044
                      4      1.399932199850793    0.04964596012429745      2.537901212843824     0.2310842794142567
                      4      1.648374003818494    0.04964596012429745      2.506774916528623     0.2187438672555309
                      4      1.892107633672059    0.04964596012429745      1.198992589993768    -0.5187714700200698
                      4      2.306771376589173    0.04964596012429745     0.4150216973121251     -1.579677643329338
                      4      2.798340246755033    0.04964596012429745      2.338551242570498     0.1492784446336268
                      5     -2.824898386445231    0.04719964610859244     0.2965610303745708     -1.966286036847757
                      5     -2.275169287846258    0.04719964610859244     0.6315581770050723     -1.210349007451848
                      5     -1.903761614770793    0.04719964610859244      1.942720466914769   -0.08669449782335563
                      5     -1.551737153607844    0.04719964610859244      2.121977290243561   0.001564546957534631
                      5      -1.11935396765333    0.04719964610859244      1.846374895370734    -0.1375595904127749
                      5     -0.826851983634719    0.04719964610859244      2.827984257333262     0.2887803901809902
                      5    -0.4851094407512451    0.04719964610859244      1.339525796279217    -0.4584681231663983
                      5    -0.2788519458217567    0.04719964610859244      2.553521149283188     0.1866894584157099
                      5   0.007123373907231547    0.04719964610859244      2.800887686068423     0.2791526065522525
                      5     0.4826605832801087    0.04719964610859244      2.723445350349722     0.2511139605532482
                      5     0.8789583348995977    0.04719964610859244      2.867768215030924     0.3027503107152764
                      5      1.373553376708256    0.04719964610859244      2.933937763846822     0.3255616763223277
                      5      1.700566413833619    0.04719964610859244      1.882964744925006    -0.1179362644468814
                      5      1.869025310416333    0.04719964610859244      1.548811637238786    -0.3132958398989957
                      5      2.247988289982812    0.04719964610859244     0.1490374380469779     -2.654341533661451
                      5      2.726784205532454    0.04719964610859244     0.9014421625123794    -0.8545431864678016
                      6     -2.810261382158962     0.0455057975377979     0.4703102931906112     -1.541693053570231
                      6     -2.287162166788643     0.0455057975377979     0.8693409883440735     -0.927350288767041
                      6     -1.883379313661875     0.0455057975377979      2.013331265265768   -0.08753975364287274
                      6     -1.558944317971325     0.0455057975377979      2.740326964847886     0.2207467937820647
                      6     -1.172717508650066     0.0455057975377979      3.241240500140566     0.3886256772067364
                      6    -0.8076637058940135     0.0455057975377979      3.125838159590226      0.352372008559996
                      6    -0.4948793582975679     0.0455057975377979      1.858965845556705    -0.1673101136461522
                      6    -0.2577168189950614     0.0455057975377979       4.16418950321436      0.639191209879877
                      6  -0.007772919714735877     0.0455057975377979      3.476833089181395     0.4587913978765065
                      6     0.5108106602304396     0.0455057975377979      2.623519397747291     0.1771862482252811
                      6     0.8453176743581639     0.0455057975377979      2.650677416465568     0.1874847864504909
                      6      1.380954654650774     0.0455057975377979      3.876971599801903     0.5677238836243007
                      6      1.766092214879332     0.0455057975377979     0.7831415154751288     -1.031772314095162
                      6      1.848851294725409     0.0455057975377979      1.744875313245643    -0.2306473503610566
                      6      2.274467484822843     0.0455057975377979     0.2961412792687411     -2.004249093435276
                      6      2.705724071150951     0.0455057975377979     0.7544239398512029     -1.069131264270504
                      7      -2.74916431127539    0.04400740136460572     0.8746454746005081    -0.9547489999980369
                      7     -2.215934292278526    0.04400740136460572     0.5074039709965623     -1.499260159065784
                      7     -1.860165187730161    0.04400740136460572      1.633192567063642    -0.3302756240800315
                      7     -1.542280379864496    0.04400740136460572      2.947616679305345     0.2601845851160463
                      7     -1.126390274001141    0.04400740136460572      2.951515475189387     0.2615064054616842
                      7    -0.7745439367647677    0.04400740136460572      2.376503756620859    0.04481804442334179
                      7    -0.5614282827689169    0.04400740136460572      1.563760043651597    -0.3737191478069337
                      7    -0.2629867752336719    0.04400740136460572       4.65494844661001     0.7171184824415267
                      7   -0.05081160671272987    0.04400740136460572      2.565180735469538     0.1212165849276765
                      7     0.4848927675320169    0.04400740136460572      3.804643433203337     0.5154099234736864
                      7      0.836983247613061    0.04400740136460572      2.909662164555606     0.2472246264053899
                      7      1.347353866665763    0.04400740136460572      3.353784753384206     0.3892771318646074
                      7      1.715141586249905    0.04400740136460572      1.722251434380371    -0.2771799450406637
                      7      1.870370917937063    0.04400740136460572      2.214096714376979    -0.0259678369546079
                      7      2.343615323865474    0.04400740136460572      0.683638472100642     -1.201138404035684
                      7      2.721792161361438    0.04400740136460572      1.100647220367978    -0.7249139644559527
                      8     -2.751989125075717    0.04284806728657522      1.043279748805849    -0.8051402905324594
                      8      -2.19673719970698    0.04284806728657522     0.4407091684085385     -1.666879749281514
                      8     -1.866782819857066    0.04284806728657522      2.185030212703438   -0.06587999034928006
                      8     -1.450508933539454    0.04284806728657522     0.5273418697291868     -1.487415877723534
                      8     -1.144072664215384    0.04284806728657522      4.148160270667468     0.5751552815540807
                      8    -0.7772793579717421    0.04284806728657522      2.976554781448709     0.2432568719691618
                      8    -0.5338028042111037    0.04284806728657522      2.232074723239331    -0.0445781240129595
                      8     -0.330153909940483    0.04284806728657522      1.882025411855851    -0.2151611024732815
                      8   -0.07017356046959997    0.04284806728657522      2.427087658997449    0.03918239821868714
                      8     0.4915263649323088    0.04284806728657522      4.482367732409251      0.652641772386804
                      8     0.8456010211464703    0.04284806728657522      3.966122416653663     0.5302792500246895
                      8      1.345093003043128    0.04284806728657522      4.124859998925568     0.5695224334308086
                      8      1.752884753112094    0.04284806728657522      1.408697464912158    -0.5048441524367999
                      8      1.880152364062724    0.04284806728657522      2.608124724113866     0.1111218204587189
                      8      2.316413781626552    0.04284806728657522     0.6579782887546056     -1.266092990140328
                      8      2.698053592616693    0.04284806728657522      1.009022667814055    -0.8385274393828978
                      9     -2.681925568574296     0.0418212949087569      1.118145578661014    -0.7600929488765655
                      9     -2.210356600217439     0.0418212949087569     0.6305586212617927     -1.332913680671422
                      9     -1.815579569886242     0.0418212949087569      1.007251090206766    -0.8645396011554324
                      9     -1.488590425751183     0.0418212949087569      1.576877704129491    -0.4163177733260041
                      9     -1.151685106854901     0.0418212949087569      4.903975995404678     0.7182817751169382
                      9    -0.7590768826394947     0.0418212949087569      2.739372180322865     0.1359642342725465
                      9    -0.5395357064124859     0.0418212949087569      2.597954210317818     0.0829597645153651
                      9    -0.3452719353688754     0.0418212949087569      1.550392681272462    -0.4332562870020997
                      9   -0.08233270403380194     0.0418212949087569      2.319914632793065   -0.03023413981248952
                      9     0.5429979326660661     0.0418212949087569      2.670664583848533     0.1105628206443636
                      9     0.8955555965988725     0.0418212949087569      4.287914393869114     0.5840359308490456
                      9      1.291958115129939     0.0418212949087569      1.830205390293671    -0.2673363329152333
                      9      1.778407646565141     0.0418212949087569      1.462160898536267    -0.4918491196133274
                      9      1.867565685483829     0.0418212949087569      3.096627355740641     0.2585490408792552
                      9       2.36671904065315     0.0418212949087569     0.9528665210334528    -0.9200449756159963
                      9      2.656814988869674     0.0418212949087569      0.550784364636979     -1.468176427777474
                     10     -2.658330214818302    0.04102185575234528      1.067498956255917    -0.8257467058092703
                     10     -2.159479573239461    0.04102185575234528     0.2974581523875859     -2.103546922317225
                     10     -1.824797911244718    0.04102185575234528      1.429677338586355    -0.5336164127235424
                     10     -1.465094515526969    0.04102185575234528      1.224981529672262    -0.6881394281187646
                     10     -1.093735094034372    0.04102185575234528       2.95983387785041     0.1940679502299951
                     10    -0.8097674489911918    0.04102185575234528      4.076171305176595     0.5140929480606985
                     10    -0.5907378227754353    0.04102185575234528      1.710891335840195    -0.3540507104423853
                     10    -0.2619474080631354    0.04102185575234528      4.806641319953041     0.6789333757501759
                     10   -0.02820477040714691    0.04102185575234528      4.017304376765943      0.499545930483165
                     10     0.5178206810333994    0.04102185575234528      4.376730118131468     0.5852367030273162
                     10     0.8781415667667419    0.04102185575234528      5.572740601296569     0.8268217677075056
                     10       1.31707906194353    0.04102185575234528      3.411494744226968     0.3360853424842042
                     10        1.8180219863853    0.04102185575234528      2.484023096414143     0.0188142679181103
                     10      1.927073474811897    0.04102185575234528      1.807807568432652    -0.2989503712666918
                     10      2.355436273786299    0.04102185575234528      1.188494131534533    -0.7183781240848878
                     10      2.612094761278309    0.04102185575234528     0.1837372619336961     -2.585313660285167
                     11     -2.685245598592496    0.04027566739667923      1.445417336945955    -0.5410245917099478
                     11     -2.063158912328277    0.04027566739667923     0.2277955200020377     -2.388729580598444
                     11     -1.812127686715646    0.04027566739667923       1.30150126421639    -0.6459042692655711
                     11      -1.50175215903188    0.04027566739667923      2.235202324168294    -0.1050909367476352
                     11     -1.097547507129558    0.04027566739667923      3.547812245768024       0.35690845864698
                     11    -0.7936286911621386    0.04027566739667923      4.535810344162469     0.6025810682287398
                     11    -0.5217899223300125    0.04027566739667923       2.93317819972488     0.1666638588891499
                     11    -0.3053786204445004    0.04027566739667923      3.719379185944619     0.4041340827884264
                     11    -0.0732165788817587    0.04027566739667923      3.278735271645652     0.2780350740540712
                     11     0.5420954649286367    0.04027566739667923      4.000790864913519     0.4770693717340569
                     11     0.8552894313042144    0.04027566739667923      5.946619703373749     0.8734002549669045
                     11       1.34952799785267    0.04027566739667923      4.955777624727389     0.6911314067795478
                     11      1.777739797853751    0.04027566739667923       1.98584660156355    -0.2233773633286175
                     11      1.878923285249031    0.04027566739667923      3.611596770592167     0.3747273072033552
                     11        2.3232683276587    0.04027566739667923      1.089065261238248    -0.8241029162405453
                     11      2.573487368802803    0.04027566739667923    0.06696770546589183     -3.612967469837055
                     12      -2.61260717960949    0.03969095037508173      0.570149870403258     -1.485902996711068
                     12      -2.13075455939741    0.03969095037508173     0.1596914757375625      -2.75855857643673
                     12     -1.809505661053537    0.03969095037508173      1.378555615903543    -0.6030106786286235
                     12     -1.518867347049238    0.03969095037508173      2.753666461372409    0.08888630782981838
                     12     -1.123418677312723    0.03969095037508173       4.92680648687106     0.6706440322049086
                     12    -0.8035053977880194    0.03969095037508173      5.710799711616506     0.8183120939056274
                     12    -0.5511900330529813    0.03969095037508173      3.043233503684074      0.188873628138856
                     12    -0.2725752965863512    0.03969095037508173      5.220178410890674     0.7284846051126441
                     12   -0.06082909353465545    0.03969095037508173      4.016417406349245     0.4663433383030238
                     12     0.5575652392361418    0.03969095037508173      3.574490010013066     0.3497755368986603
                     12     0.8112699525330893    0.03969095037508173      3.526034744501911     0.3361269631986283
                     12      1.339639473269696    0.03969095037508173      5.226909162817526     0.7297731465957399
                     12      1.793397012130354    0.03969095037508173      2.442485384230573   -0.03103085355084014
                     12      2.042068043280983    0.03969095037508173    0.01316926446607612      -5.25391658851291
                     12      2.289409124021358    0.03969095037508173     0.8279085617369288     -1.112899537909268
                     12      2.592360511946395    0.03969095037508173       0.12244304520096     -3.024156268778543
                     13      -2.55681312547681     0.0391833520365821     0.1059595632013412     -3.181615959228012
                     13     -2.109308336264754     0.0391833520365821     0.1382355037609229     -2.915714721676518
                     13     -1.805940583295965     0.0391833520365821      1.440842187434707    -0.5716904273299777
                     13     -1.492054208978045     0.0391833520365821      2.547618082753974  -0.001759384897217276
                     13     -1.026771845898333     0.0391833520365821     0.6134243771425164     -1.425616509413855
                     13     -0.862064454521078     0.0391833520365821      3.434447780577616     0.2969379278386479
                     13    -0.5258015898344643     0.0391833520365821      3.837560900381435     0.4079187602500303
                     13    -0.2843606727859311     0.0391833520365821      5.441990490137553     0.7572266705219112
                     13   -0.06070921007876943     0.0391833520365821      4.412145990088528     0.5474429678221873
                     13     0.5388817301769422     0.0391833520365821      4.934460580438229     0.6593251396918942
                     13     0.7500123631504123     0.0391833520365821     0.5952990082872444     -1.455609687071954
                     13      1.321376073626096     0.0391833520365821      4.949524967411337     0.6623733834524241
                     13      1.774848588081629     0.0391833520365821       2.57036256052757   0.007128740748751258
                     13      2.063290764257468     0.0391833520365821    0.00485186870474874     -6.265309570637114
                     13      2.313638335969629     0.0391833520365821      1.162221847476728     -0.786584663481855
                     13      2.626620325891678     0.0391833520365821     0.2772643644859713     -2.219702065847764
                     14      -2.53886053238875    0.03883374199500577    0.06738684255017716     -3.643186172739021
                     14     -2.089973283674558    0.03883374199500577     0.1739191612869618     -2.695045356257213
                     14     -1.784754338840868    0.03883374199500577       1.19659403053402    -0.7664014649575269
                     14     -1.568307359298548    0.03883374199500577      2.825766471106417    0.09289896677508477
                     14     -1.126479167064792    0.03883374199500577      5.519506267302386     0.7624077337300698
                     14    -0.8423998469892232    0.03883374199500577      5.337622594285176     0.7288996685460397
                     14    -0.5619803571031228    0.03883374199500577       4.00104879939644     0.4406758483713539
                     14    -0.2724233481346637    0.03883374199500577      6.779679287397255     0.9680491198604526
                     14   -0.05286594786749613    0.03883374199500577       5.33930043825587     0.7292139620891122
                     14     0.5073723192354443    0.03883374199500577      7.076272241795958      1.010866571295933
                     14     0.7988222287072073    0.03883374199500577       3.00635279195569     0.1548469688084355
                     14      1.345051272704232    0.03883374199500577      7.351114909279475      1.048971311829302
                     14      1.831385697123674    0.03883374199500577      3.668752274307215     0.3539709462781841
                     14      2.125791375738767    0.03883374199500577     0.0011111517548543     -7.748238862853723
                     14      2.280296973728132    0.03883374199500577     0.9638321887648603    -0.9827187557989574
                     14      2.535813499265474    0.03883374199500577    0.07426844169393357     -3.545949837385794
                     15     -2.500270247862096    0.03852288190580411    0.03863091308263098     -4.207620251989165
                     15     -2.113646133167852    0.03852288190580411     0.2003847395992923     -2.561433848400981
                     15     -1.836197627449606    0.03852288190580411      2.186344112931756      -0.17168699194856
                     15     -1.564430450270452    0.03852288190580411      3.333922771790299     0.2502318342042851
                     15     -1.155686729666121    0.03852288190580411      6.071655256072494     0.8497134764464815
                     15    -0.8194469553762352    0.03852288190580411       7.44014908963517      1.052973101547795
                     15    -0.5131473080300839    0.03852288190580411      4.535962188496857     0.5581194444955204
                     15    -0.2574610156761963    0.03852288190580411      7.576976521138525       1.07119645821702
                     15    -0.1060189660691395    0.03852288190580411      3.402926908714656     0.2707181307769543
                     15      0.497058166720662    0.03852288190580411      7.827188426956097      1.103685582476134
                     15     0.7741665620680295    0.03852288190580411      1.962777138394982    -0.2795574083050938
                     15      1.311373794665122    0.03852288190580411      6.351200354261577     0.8947260411815615
                     15      1.847940806626313    0.03852288190580411      4.473870403835081     0.5443361101126967
                     15      2.078990956319259    0.03852288190580411   0.003567279912066915     -6.589869689025225
                     15      2.214727620868091    0.03852288190580411     0.1852439506356045     -2.639999456503456
                     15      2.537124162036407    0.03852288190580411    0.08530787076767911     -3.415406343164819
