#! FIELDS time z sigma_z height
#! SET action OPES_METAD_state
#! SET biasfactor       40.35985320068484
#! SET epsilon   1.063187928461855e-18
#! SET kernel_cutoff       9.097830488584384
#! SET compression_threshold                       1
#! SET zed     0.07197068258905821
#! SET sum_weights       30162.16525709147
#! SET sum_weights2       269643.3175951037
#! SET counter  16001
                   1000     -2.681511482274028    0.04230081626648115      17.21095003501986
                   1000      -2.35484226673938    0.03643189803986965       22.1702097015048
                   1000     -1.947612938439897    0.04096677246023539      52.68706339917771
                   1000      -1.54018617968666    0.04151672999148502        69.321425858786
                   1000     -1.140550493648583    0.04542123001907245      175.2738904804714
                   1000    -0.8150382374205961    0.03353838504420472      2070.248047245927
                   1000    -0.5372574859114236    0.03296383163612848       495.104784209669
                   1000    -0.2458696130840618    0.02836786576178687      8009.666756235923
                   1000    -0.1280819631688896    0.02808789887404718      8649.963149676496
                   1000     0.5177834407013822    0.04488154031888719      181.9736387625625
                   1000     0.8314343146841437    0.02703787514682577      10859.62585164505
                   1000      1.333348899470421    0.04850964933433786       92.6255674114766
                   1000      1.642205989447018    0.04183484802965529      21.31453183284366
                   1000       1.94414249576949    0.03722051835850203      53.44008486990372
                   1000      2.403899849374019    0.03871116114065838      56.18920765016451
                   1000      2.821750499063468    0.03870935104803967      55.39475538513153
                   1000       1.86958068214233    0.04309357633990263      51.10134354431853
                   1000     -2.273672414444239    0.03564313387737861      22.02545347932516
                   1000      -2.81416612969312     0.0337657283509186      8.894302142608199
                   1000      2.277648892098885    0.03739795482170172      40.68238029069865
                   1000      1.720644139021945    0.03641517601976072      24.85133949956089
                   1000      2.735756184800547    0.03660443398204742      28.40669566104406
                   1000     -1.867828431447477    0.03752680271611635      29.39069775668349
                   1000      1.782304547268177    0.04078682852210958      38.65532015428231
                   1000     -2.750168527561803    0.03227872630106924      9.169966377011164
                   1000     -2.208069716132576    0.03129963715117336      22.51219213943273
                   1000     -1.490336581437551    0.03674382732310127      48.47127339793637
                   1000      -1.80822461778029    0.03930380772910343      37.05036596004752
                   1000      2.655552756593215    0.02970140076907624       15.7486735089603
                   1000     -2.114408641836689    0.03515384689952284      46.14851425136739
                   1000      2.597294399530737    0.03036556649597881      23.65617334144753
                   1000     -2.050432086992156     0.0342846831064153      51.72891431290984
                   1000     -2.601373594611089    0.03474377544558725      10.64387050541444
                   1000       0.79698004597228    0.02610532655353192      16902.11399742352
                   1000      2.078134027861492    0.03376722444738749      24.23461492130545
                   1000     -2.537115036122635    0.03293076134140664      11.02927340885996
                   1000     -1.052955800975248    0.03327364452652497      47.92750321645132
                   1000      2.480850264058649    0.03126274245144131      37.47983983644935
                   1000      -2.47877940593263    0.03156996623466078      10.95926704559073
                   1000      2.200299339980549    0.03561610633374892      29.98013438711214
                   1000      1.272396854573729    0.03766339508560222      67.20299531181418
                   1000     -1.202252934996349    0.03428858882932933      37.29483468284295
                   1000    -0.1676875458625312    0.02761835738753916      22933.12259967489
                   1000      2.014106653536104    0.03339488042997828      28.54004977623927
                   1000     -1.597582034047897     0.0287509296173163      7.596610805084115
                   1000    -0.8639620295047241     0.0312865601068044      1464.049298059073
                   1000     -2.417742648333967    0.03029779872484109      14.22608767650336
                   1000    -0.9079991198667935    0.03051788371099625      663.1161846909881
                   1000     -1.998882048885883    0.03392606582288469      50.38612300236807
                   1000      -1.44108331768471    0.03296070762220514       25.0631341684483
                   1000     0.5737444264755335    0.03813241411170656      29.84641792693505
                   1000      2.140492696015586    0.03464879754115249      23.49214044632197
                   1000      2.536490686650698    0.02892098189823299        27.089217181571
                   1000    -0.6705401156225673    0.02736529177115595      944.7989238857657
                   1000      1.215447102396026    0.03044960922733548      26.93367520310084
                   1000     -1.390251404948693    0.03058171085324582      26.49876921045341
                   1000    -0.3099399607316581    0.03144393025706731      689.8713857524847
                   1000    -0.2067605684899264    0.02652281572353946      22061.72114658826
                   1000      1.160939287843539    0.02763470066174623      18.04024243965187
                   1000     0.6428575648676687    0.03484560004900483      23.12786329150417
                   1000     0.7279916930802247     0.0262392392804606       2701.28577851104
                   1000     -1.010404659929631    0.03075586083898545      74.57162418962731
                   1000      1.069537044910488    0.03224400649029611      1.439677449544423
                   1000    -0.7123063244004187    0.02704253658089744       2661.36186914716
                   1000     -1.343080968260596      0.029433467843925      24.13284733012502
                   1000     0.7629937462693376    0.02577662020206174      12460.94255196827
                   1000    -0.9619957325870071    0.03007679502358398      148.0106536598979
                   1000    -0.3551520119324335    0.02910889391463189       111.217266363763
                   1000     -1.730360040829144    0.03215196175814621      4.887757879771694
                   1000      2.882469323875045    0.03050956300236014      56.35211493505067
                   1000    -0.3946103390384602    0.02699909844817134      11.70137208792316
                   1000      1.119117795575429     0.0271515510854822      6.632925915076839
                   1000     -1.683802408880588    0.02953263143804378      1.854510494776647
                   1000    -0.7553343137075922    0.02730007021833203      3575.200725560186
                   1000     -1.298112881610693    0.02853473636368127      22.71043580200416
                   1000     -1.638447125866541    0.02623110421875479      2.784695459259773
                   1000    -0.6296146710296273    0.02650230855136613      330.2259010782681
                   1000      2.332648283227453    0.02940308416009187      24.71565369655124
                   1000       1.01902104138961    0.02502891526856678     0.1995322932102817
                   1000      1.551312097066141    0.02944452621954613      7.279585949154369
                   1000     0.8631288968104636    0.02665296025297064      2613.913982326491
                   1000       1.49685336179944    0.02894327332300288      9.087743811417134
                   1000      -1.25512717860675    0.02864441962262602      25.06199360495361
                   1000     0.8999613872729542    0.02686078475617931      205.3547437926991
                   1000     0.9449354512576978     0.0264321747543664      3.692775181626305
                   1000     -2.163327418640719    0.02681456025417202      11.03193624866082
                   1000      1.451449614087136     0.0278257721598996      7.290969590376347
                   1000       1.40778257918568    0.02726884108723914      8.047538245880803
                   1000    -0.5854655634701351    0.02601655903140644      242.0752125874578
                   1000     -2.879919385057824    0.02839159371639433      6.376401001003425
                   1000   -0.06240620896404493    0.02506811414349472      204.3742515627855
                   1000   -0.09193381212436658    0.02528946792739319      1959.783135722619
                   1000   0.006201433193109478    0.02338300697479472     0.2596961410269115
                   1000    -0.4952186049172992    0.02486315109941478      72.07278795325156
                   1000    -0.4634193418276875     0.0240268964997755      6.118226954240901
                   1000      1.589267309485389     0.0243135030683154      2.800553235544057
                   1000      2.691229391831194    0.02442833929614457      3.915216894513541
                   1000   -0.02963266648170734    0.02339541718084057      5.811982389814605
                   1000     -2.314305321129821    0.02254925069876755     0.9222662168682476
                   1000     0.6979839585552632    0.02293165177785935      188.6672351743545
                   1000     0.9806943530484715    0.02252285546862325     0.4074133132675476
                   1000    -0.4250393284437642    0.02307438200650171       2.20776941069234
                   1000      2.445061879620966    0.02097199039234367     0.1279241555606193
#! FIELDS time z sigma_z height
#! SET action OPES_METAD_state
#! SET biasfactor       40.35985320068484
#! SET epsilon   1.063187928461855e-18
#! SET kernel_cutoff       9.097830488584384
#! SET compression_threshold                       1
#! SET zed     0.06860612925211852
#! SET sum_weights       48210.38327674732
#! SET sum_weights2       462891.3036637458
#! SET counter  32001
                   2000     -2.682082358018738    0.03741195638201347      28.16971777517662
                   2000     -2.355698186081206    0.03376224447607731      32.66594129966121
                   2000     -1.947346454166991    0.04036593552836713      56.07357376126375
                   2000      -1.54018617968666    0.04151672999148502        69.321425858786
                   2000     -1.141708455142059    0.04327311930872622      210.4015809057224
                   2000    -0.8069593308651709    0.03071822403643805      4054.486733689635
                   2000    -0.5415421481180253    0.02833605853803858       1146.00511452953
                   2000    -0.2424648139889772    0.02664242631942423      13066.02937042947
                   2000    -0.1320323947911498     0.0258942459806742      16437.79422412884
                   2000     0.5178333891281576    0.04486960619057146      182.2651946431225
                   2000     0.8312053986423801    0.02672575591629945      11611.91052371161
                   2000       1.33390128904354    0.04706624996684205      103.3379929845159
                   2000       1.64412937518273    0.03873262384263189       30.4459478592097
                   2000      1.944921864424146    0.03489982876679254      77.08953338671785
                   2000      2.402829622172868    0.03584148993642434      77.49828727009397
                   2000      2.822924112840755    0.03479919522260617      92.34260367160583
                   2000      1.871586018397318    0.03879254465759596      82.94042053905743
                   2000     -2.271811801662567    0.03259401246836389      35.02321941543363
                   2000     -2.811843720729286    0.03151587646558006      13.77288011761201
                   2000      2.277101841142047    0.03614673602393993      48.86226065948036
                   2000        1.7205700802346    0.03460363314190978      31.51542507491921
                   2000      2.737569835694872    0.03210567669515058      54.38081119487092
                   2000     -1.868124950472902    0.03724202187964261       30.6294650958289
                   2000      1.785149503480697    0.03775636695479982       55.8082913483925
                   2000     -2.749931032022614    0.03007722578979547      16.17476352265377
                   2000     -2.209049560386378    0.02970647976534756      33.96256933892086
                   2000     -1.490308046000675    0.03669373544628431      48.67709864785274
                   2000     -1.808035694874683    0.03903312194305579      38.07075706871128
                   2000      2.654475080033342    0.02733381918919677      29.07352004183261
                   2000     -2.114485865528419    0.03374862571354784      56.35812019629567
                   2000      2.596865209422013    0.02910514739715678      38.79422354724673
                   2000     -2.051046724760028    0.03336330240415105      60.15430877273268
                   2000     -2.598049964880205    0.03076992963476309        21.559523902714
                   2000     0.7969071877025052     0.0257409789344608       18824.2291925121
                   2000      2.076777396861442    0.03150985298984484      37.29390525099476
                   2000     -2.538291760023055    0.02944326980279594      24.81247144253942
                   2000     -1.053164566183124    0.03126547462266716      65.95755529134581
                   2000       2.48147839086086     0.0298557106809243      49.27705627653687
                   2000     -2.478192982089933    0.02877034757461394      25.83726665658141
                   2000      2.201476059627762    0.03435468434478296      36.94490755481376
                   2000      1.272407640678509    0.03685751654259217      73.00600230789495
                   2000     -1.204591226242528    0.02996153139371282      75.67726421262154
                   2000    -0.1695149589788608    0.02508423560764287      46153.72928182472
                   2000      2.013207003940205    0.03130065445851307      45.10313484992346
                   2000     -1.597582034047897     0.0287509296173163      7.596610805084115
                   2000    -0.8629501095359691    0.03034828773526836      1720.423016863406
                   2000     -2.418113440846952    0.02834178577757798      26.59702022065547
                   2000     -0.908108741191451     0.0296325319225034       774.407129190475
                   2000      -1.99898151319365    0.03330974186576832      55.02569848992876
                   2000     -1.440464551277018    0.03233472231252826       27.4302508324697
                   2000      0.581374978659516    0.03416667874354629      49.50347934197575
                   2000      2.139622032665614    0.03307866156154576      29.78063263524764
                   2000      2.537251780091423    0.02804288686472546       41.1495663978431
                   2000    -0.6765638985920868    0.02371805173810301      5184.485474183281
                   2000      1.215111056441452    0.03009626866036435      29.41698868824641
                   2000      -1.39070668898354    0.02971350619447399      31.70243199328544
                   2000    -0.3091770855378478    0.03148711992312402      726.8748188637582
                   2000    -0.2045932096603772    0.02482003884321943      42281.56208586813
                   2000      1.160983773626063     0.0273921150120157      20.14918503964009
                   2000     0.6633282563483784    0.02582786976492791      189.9678024929163
                   2000      0.729476376166276    0.02452479865613845      5086.336251568305
                   2000     -1.008944306802035    0.02898829287904298      104.0246237005875
                   2000      1.069195030177968    0.02639393851954272      7.122579075936927
                   2000    -0.7129075103320792    0.02394650425925305      10308.99591306801
                   2000      -1.34247086513116    0.02855619028893618      30.05238432080617
                   2000     0.7627618575644728    0.02529141507141002      15254.88386514817
                   2000    -0.9608521341659244    0.02836238555487758      214.3794910424051
                   2000    -0.3553682821271067    0.02753534838786599      162.5042894168675
                   2000     -1.731010109243979    0.03198365947285767      5.172079076714362
                   2000      2.882158734206165    0.02881134061837109      92.77938460784155
                   2000    -0.3929911921964113    0.02321212815810826      67.36627511059393
                   2000       1.11723876758827     0.0261505084676425      10.39545007761725
                   2000     -1.683935446710398    0.02940951373590004      1.888087570259621
                   2000    -0.7539118019679236    0.02527330307199293      8792.252030807966
                   2000      -1.29747121880217    0.02679853877573181      37.81422006726191
                   2000     -1.638570400163156    0.02620385492522615      2.816462636529617
                   2000    -0.6338267161397362    0.02440515108626047      1289.951448172169
                   2000       2.33511317476587    0.02829548093220018      36.64015974764666
                   2000      1.017509887705972    0.02413285938969787      4.889146184228906
                   2000      1.549421350078936    0.02710001458571635      14.86415541038814
                   2000     0.8621562241442036    0.02592763798658589      3216.853545835915
                   2000      1.497499171344072    0.02739234972461213      15.63506609634771
                   2000     -1.253623111714368    0.02650324232332012      49.27341182666498
                   2000     0.8971449072037425    0.02514706370862477       388.187247933676
                   2000     0.9394875977926467     0.0228338096488783       33.3963145170236
                   2000     -2.162458228490927    0.02517340191426726       19.8347215450385
                   2000      1.451969201603424    0.02629133608960162      11.85016745306495
                   2000      1.408314487883105    0.02657193286149068      13.41226186644707
                   2000     -0.584774652693735    0.02427655606107673      977.2701438856326
                   2000     -2.881304183094676    0.02760082633497403      9.869567700535585
                   2000   -0.06352990554330712    0.02338834710149077      526.6028010021628
                   2000   -0.09464478760832989    0.02434156183205366      3114.855010185323
                   2000   -0.02976607227161811    0.02300304070363942      7.553798611124821
                   2000    -0.4997490043862881    0.02334958008606992      183.4132351268619
                   2000    -0.4618366377213648    0.02267729538093846      44.03291598868128
                   2000      1.591249232441404    0.02336893949023123      7.886347752359913
                   2000      2.693345797049663    0.02293859484797176      15.62971330225127
                   2000     -2.313055329024906    0.02211253283582178       8.22263782276867
                   2000     0.7009439471927101    0.02209027780517037      944.6572017233857
                   2000     0.9734850049986528    0.02252182635932977      12.46361479622664
                   2000     -0.426408696850965     0.0220719522591192      47.98664289685891
                   2000      2.444922863219315    0.02197001044899895      10.65851865246233
                   2000     -2.847577431199199    0.02167210903450117      1.808488800461686
                   2000     -2.634784924852715    0.02148217426974908       4.60129073811905
                   2000      2.780891097056674    0.02184160626149827      11.64736444650233
                   2000     0.6281541484709564    0.02179614048034179      54.11598278998051
                   2000   0.007186710952396769    0.01978954840113139    0.03323537707937695
                   2000      1.825979788575233    0.02121494703846953       1.58995005995852
                   2000      -1.09221240067691    0.02130158017879318      4.801184248213509
                   2000      2.911958643207064    0.01982823758879157     0.2056076679801807
                   2000      2.365489997396686    0.01928673650029819     0.1163614097517041
                   2000      2.238642793787778    0.01926743499206579    0.08416120948267371
#! FIELDS time z sigma_z height
#! SET action OPES_METAD_state
#! SET biasfactor       40.35985320068484
#! SET epsilon   1.063187928461855e-18
#! SET kernel_cutoff       9.097830488584384
#! SET compression_threshold                       1
#! SET zed       0.065683966973553
#! SET sum_weights       57434.72969944314
#! SET sum_weights2       513304.6260553558
#! SET counter  48001
                   3000     -2.682737364449392    0.03469413118674088      39.70372602732754
                   3000     -2.357602946904632    0.03100048800386374      49.86272495416732
                   3000     -1.946393495899697    0.03932325589241392      62.29767977263213
                   3000      -1.54018617968666    0.04151672999148502        69.321425858786
                   3000     -1.141305641505718    0.04293845602234225      216.6618094697797
                   3000    -0.8029500472420429    0.02851064616230883      6989.739372184626
                   3000    -0.5418096592486158    0.02586676562257727       2136.97740698331
                   3000    -0.2428234756867924    0.02633817703391461      14715.49648330685
                   3000    -0.1320266100915493    0.02542461912000414      19509.54135834477
                   3000     0.5217460936287999    0.04332510233351073      213.4084463725569
                   3000     0.8312053986423801    0.02672575591629945      11611.91052371161
                   3000      1.335020586877654    0.04480760680888245      124.1058050307648
                   3000      1.645037871370655    0.03520619928352919      47.78484292972281
                   3000        1.9453072793387    0.03436907393538519      83.32317881571028
                   3000      2.402250070333319    0.03439196749144684      92.64400471231561
                   3000      2.823220520082624    0.03330943571023341      111.8847414700824
                   3000      1.871171175510204     0.0381500662317383      88.95961303957758
                   3000     -2.271051270214547     0.0305044549594803      48.48020294734551
                   3000     -2.809712694844698    0.02979173795692011        19.389898148215
                   3000      2.277408713069245    0.03455463057188189      58.83429396648286
                   3000      1.718201145130694    0.03301353555763224      42.77240086748326
                   3000      2.737470758011889    0.02979752531230611      79.16455533155469
                   3000     -1.869015088254496    0.03652131585370554      33.55934941572089
                   3000      1.784572647760849    0.03619216235095406      66.45437651447725
                   3000     -2.748978764474276    0.02860020029033322      23.35599506785352
                   3000     -2.209610156210486    0.02854985076326927       44.6198122257497
                   3000     -1.490308046000675    0.03669373544628431      48.67709864785274
                   3000     -1.807954673790399    0.03887590078899752      38.56860578951678
                   3000      2.652226967877038    0.02569566952040008       53.9450423772398
                   3000     -2.114762975822126    0.03284444947764252      63.61214737707035
                   3000      2.599653912086631    0.02734155316648129      59.91628874296894
                   3000     -2.051795002829825    0.03277362378776232      66.38550654711484
                   3000     -2.595118069398276    0.02833706465638456      35.60639455745847
                   3000     0.7969071877025052     0.0257409789344608       18824.2291925121
                   3000      2.076936683431401    0.03065566825227915       43.8937715698468
                   3000     -2.537608178725987    0.02775143166265847      42.90762818129481
                   3000     -1.050310567796021    0.02777798454075758      122.6939402448172
                   3000      2.482551769407147    0.02900224738020349      60.42470702634111
                   3000     -2.478841855948345    0.02745809832280508      46.79236889181734
                   3000      2.200807799832175    0.03227578200124841      50.01716034842995
                   3000      1.272961925067025    0.03565616326133265      82.75214279011493
                   3000     -1.204591226242528    0.02996153139371282      75.67726421262154
                   3000    -0.1693664932551965    0.02492855267870181      48484.61606440592
                   3000      2.012450903883645    0.03060453570471447      53.14210769228449
                   3000     -1.597582034047897     0.0287509296173163      7.596610805084115
                   3000    -0.8596867499519193    0.02881848620336691      2550.790631426886
                   3000     -2.419196273652424    0.02701014012235819      48.68284252162849
                   3000    -0.9089206908154163    0.02732025522754193      1270.685694441921
                   3000     -1.999270036095104    0.03256425120961901      60.71714805557838
                   3000     -1.440464551277018    0.03233472231252826       27.4302508324697
                   3000       0.58338995018124     0.0258242929805062      228.8840483448897
                   3000      2.140279501182375    0.03144484870453602      38.74490893334654
                   3000      2.536906475528353    0.02704466146491588       51.4659715281212
                   3000    -0.6777190682677752    0.02249800352468141      12156.71086618408
                   3000      1.215450757708671    0.02933240472022197      34.58231650354649
                   3000      -1.39070668898354    0.02971350619447399      31.70243199328544
                   3000    -0.2999103941182409    0.02913556551480892      1587.221930040526
                   3000    -0.2044654633802159    0.02470012667504979      44244.67478212887
                   3000       1.16154592885032    0.02630022327404977      27.13064067699186
                   3000     0.6627879154126579    0.02456088166737498      280.4950567481739
                   3000      0.729476376166276    0.02452479865613845      5086.336251568305
                   3000     -1.006817903616201    0.02564820300223362      251.1137836307284
                   3000      1.066114155657769    0.02550020328164107      14.44726417090964
                   3000    -0.7137647539669999    0.02292911935501961       19898.2619480744
                   3000      -1.34247086513116    0.02855619028893618      30.05238432080617
                   3000     0.7627618575644728    0.02529141507141002      15254.88386514817
                   3000    -0.9586509217202849     0.0257144645784225      481.4589834695515
                   3000    -0.3535066255008597    0.02590970623169079      261.9708862953418
                   3000      -1.73117372122888    0.03192494826792106      5.225833227940362
                   3000      2.882101557171601    0.02832522574563202      110.9147977650125
                   3000    -0.3930997180589416    0.02220980899182991      153.5794778970156
                   3000      1.117268573599346    0.02503106505079161      15.66319849828548
                   3000     -1.683935446710398    0.02940951373590004      1.888087570259621
                   3000    -0.7527662692119825    0.02393238501511581      17610.10930963608
                   3000      -1.29747121880217    0.02679853877573181      37.81422006726191
                   3000     -1.638570400163156    0.02620385492522615      2.816462636529617
                   3000    -0.6394123682414647    0.02286927099367007      3777.687909197713
                   3000      2.336128383430845     0.0276812048104862      46.48896381338623
                   3000       1.01342777978225    0.02347206252070358      20.91091682264876
                   3000      1.548946750103819    0.02524030175692824      31.17688462435223
                   3000     0.8622940101580076    0.02589548485461803      3255.212365954835
                   3000      1.498959758805017    0.02557537519829264      31.76643715690048
                   3000     -1.253623111714368    0.02650324232332012      49.27341182666498
                   3000     0.8967605559158139      0.024105829337623      545.9595499106513
                   3000     0.9341628386837791    0.02243697535897937      105.4553358002988
                   3000     -2.162812829372661    0.02456199001093577      25.78572398930142
                   3000       1.45255655001056     0.0244962826934069      26.35012099458661
                   3000      1.407340064275421    0.02494970131868793      26.43929722038756
                   3000    -0.5852265273062102    0.02355511438173736      1707.138402942914
                   3000     -2.883129321530671    0.02640861296586516      14.35703389746567
                   3000    -0.0649118751093699    0.02327034011183906      925.0714047664889
                   3000   -0.09622354040356346    0.02335553718521542      4889.133096684172
                   3000     -0.503835388150967    0.02197048484981078      621.6828643590654
                   3000    -0.4650778775525337    0.02230430639518056      122.6842716458502
                   3000      1.591607360980784    0.02249398712355957      21.31647500747984
                   3000       2.69354889801843     0.0222498142458613      31.81720673103079
                   3000     -2.312744742139881    0.02171366756715545      17.23492441839769
                   3000     0.7008963499242042    0.02209073955236072      948.3272352265168
                   3000     0.9718785151029935    0.02189705665678934      44.03798783810227
                   3000    -0.4267002422736357    0.02147937356671309      116.0552981653226
                   3000      2.444322540216118    0.02147595480322147      20.44104435479437
                   3000     -2.847844147175699    0.02098613312700552      4.964142260555864
                   3000     -2.634862793930996    0.02124324728795601      12.33896900311922
                   3000      2.780234742513494    0.02147853861914309      25.86377869943163
                   3000     0.6262935879726607    0.02168983073963448      155.6967180164716
                   3000   0.002197259032159903    0.01989367925501153     0.1264381356785458
                   3000       1.82700345293828    0.02109073834931056      4.663997600007848
                   3000     -1.086574579937376    0.02113449235418906      20.58647953104207
                   3000       2.23775444555174    0.02012073078257879      4.399865597490881
                   3000      2.567234522575775    0.02011103301656501      8.058629132910244
                   3000    0.02827759066183807    0.01941953414929628    0.01587656058510732
                   3000   -0.02843120362301377    0.01964034330276088      1.454739878255845
                   3000    0.05264717825900508    0.01992347540648055    0.00218014775873721
                   3000    0.07462215009765098    0.01963918817092118  0.0004419128802410435
                   3000     0.1384125044641349    0.01939736545080729  7.240467720385474e-08
                   3000    0.09625357417277144    0.02044991439201038  4.244678149846463e-05
                   3000    -0.6142658103858226      0.019697698609937      499.7389696851542
                   3000      0.173142992924098    0.01837270733852236  1.071998715035594e-10
